42979361
2734968
8319381
44386829
46166091
67121186
34444193
52283441
18893953
29916921
66071306
26412790
10659560
51113856
56351315
59666292
70584659
8173758
82958485
99617762
8027057
40458582
4051518
15895793
21027400
59629564
94213514
86337175
33625029
4488903
97619146
67444788
18133456
36148605
80749539
72527861
58421699
11735257
21325430
52376849
32953329
43429621
99592540
89163677
38917634
21192283
82908603
38627749
7764189
94111162
67586845
72687
9631647
19637853
44114290
18484216
35632159
98531650
75425499
16363161
97357636
56894213
92812877
77916458
55193588
49669218
59408589
90077951
46224392
19187556
99232249
34517443
70823015
57655805
5633596
50633410
81753300
81401874
41783628
77126733
10656915
56547142
39696767
14953236
20587974
1072489
8852254
33331226
73096810
71463924
52197176
3802293
30423812
86046368
99296202
45555344
29195344
58898972
31885350
42014480
42662925
87877564
43931881
8848816
30698234
50109380
67301364
78988514
83595998
41571887
90802561
41168593
12313884
40256427
9870611
49052569
8984958
52115789
68524666
8347277
18698733
32873968
501538
46043163
89077782
35051793
66322581
1761907
6792364
59448
44075691
15197593
73467693
22392997
17452009
48988766
21685681
44426595
914847
50186128
2860400
58156600
65264769
25605914
6397434
99757931
48602857
78555572
50259174
25284834
20756262
19516245
71411396
3300310
11882709
28136506
24573076
65959192
20642433
12109037
33967436
91864892
40144101
35355715
36747693
40716299
90408447
75569150
74517762
17767662
13592190
52567721
10604478
1962445
38422972
27627013
87745692
20791666
36783526
921046
6912651
35413764
44049195
6885514
96432783
74777701
3405376
90131574
15446654
7624360
20833770
813969
47272959
12627805
80611227
41163923
51268674
58211661
97441528
67778903
54808506
84008107
10702522
94359447
79921010
32554084
74261238
1059300
34624878
4425201
34771106
23605552
70184586
50848465
44475043
49907354
50267267
84845361
27455966
23476188
15953410
131970
2798246
47241065
51767025
90726973
48874734
61783385
1574912
33772769
74028550
68917902
89705169
4901368
6399130
73232630
92916261
5986038
86076611
27238701
71903917
92056776
92722939
13836401
38188772
884577
39577355
91388491
12736013
63748533
10749336
20459529
19056364
99466716
76111801
51967907
54657394
51289257
6292816
50826172
95466729
76677277
43314569
3884506
19217640
29814823
34702692
74822085
37761494
87093014
32701156
42063373
81125518
7018398
72823052
22245618
81479171
17786470
32826093
24861872
13196983
93652836
23212488
41603949
9113859
10256830
2896627
27067379
32591869
283154
92969820
81623879
47265717
3424735
83075477
74933688
53151477
64682481
11381889
15175135
36805897
20388589
39764210
49715160
14845012
60608021
98994805
68652315
33624576
69005438
50359762
972489
6438262
58577134
79837906
27007458
90736052
94829776
72554899
3316244
32456403
45914396
2299438
66153793
73784628
94027605
5816131
94523852
50781743
65037892
86441289
91765378
81385909
41284589
26306016
48506070
68705459
15578800
34385940
7742892
75412768
85667756
99806728
79769994
51103520
77084414
24299009
57043567
13625106
5875334
20407961
18624043
6022436
82621657
24483841
91845100
36241194
55639096
9558073
28825546
45141961
9033125
80414180
43098225
48927366
13209752
77167748
85324206
24512770
82802382
90634453
24446379
23949016
71354569
76292302
26381997
57454572
70571847
36373128
17239001
44949435
11975435
18028711
88985202
6235827
4999921
20934490
99996646
60586340
5397986
70151385
88154575
78943750
25206478
22496799
81555857
59941647
51138371
95111552
13659784
3079345
59692550
36394579
90849835
87958241
91516457
55175416
94823583
5639109
80895172
82161582
10598014
52947685
25896162
1846719
8955390
5917167
69259918
53752353
69303923
82657357
24496139
91351120
32295533
31964531
38467207
80924368
17079343
99703070
2397603
25756597
21732307
41782207
38821611
95317907
60881912
78482430
72986700
11436390
88169841
34111492
59685940
8755529
97243853
33251904
48616426
74213912
50056993
16936665
2702237
98078100
55419896
417259
7734047
58873357
1861783
22195710
54001652
9581975
62682738
83194701
46945855
72901355
81083777
925951
8948839
96595207
36872337
99606230
44897587
25707211
44053284
49619979
54032622
47288229
1598303
70548025
95808595
26725039
30056081
50455309
58558846
65728410
61531823
20418728
75111181
62096336
87527392
7283715
64264932
35237458
73871514
35377240
663181
17234477
40091147
71943667
5521455
63794001
42949890
42196946
97379517
28906181
42925088
70675822
41721039
10568398
96144918
74135263
48587756
11594694
54586004
4140983
15047100
20418522
41512991
869440
69612907
42659792
44562815
8407823
95441517
21033981
58132824
82116437
64349267
83192035
30379813
8594830
47568635
35429985
53849304
60087066
61643832
46047834
99206959
47321144
12906878
7243828
59083804
41642957
26787869
23633234
81257677
28194779
65747641
90424833
9465831
117262
84058003
8013639
22622255
3203232
14867229
76278404
93773443
44905026
14235475
63983296
65429781
30005616
34772429
11438775
52422194
4659390
83927615
43912643
43721034
13019731
100006872
23079883
84249724
76083728
2015986
84974678
86211510
1087272
7421765
67971119
2584485
45926810
27313612
25676770
31908106
1790695
89085969
57755997
59138404
83622277
12335115
7547338
36682974
18267927
62144638
53062966
80209450
99406778
90489
44475021
86858896
11302211
38809965
4289722
37334592
22109063
81516748
2437237
57609888
85688146
3485492
74106603
13595267
89195799
32965676
36293337
79689480
38939521
29864195
6698914
57567783
57663502
12041781
71633539
99119050
89005893
85806492
79737226
6529284
9360836
27011532
20937765
8941895
17002799
16936476
10119367
39808229
89068904
68732450
7630110
55451713
72713635
53603256
72068490
35742196
26324847
12098733
57185557
90906430
12203678
84377983
21616878
11934860
37913246
74552875
32172386
5723968
11385899
93367343
62188550
74601599
64511986
20825920
99578705
68914108
18642774
82015884
93239332
21247765
21526769
1058582
37693724
23848593
12673311
33852785
33289586
8817792
59288884
21914470
20349823
31105075
27489082
42708713
12592656
85765447
23369917
44982668
75469073
41457872
11452621
8078775
63765884
50179962
92035631
75541261
75466153
52766273
54449376
6777922
95785007
70942051
48777719
32979465
47155731
1831833
71728164
59634116
2899597
35606185
42368643
68643089
40309303
53339130
92017357
53212528
5991908
43953112
93761713
85419978
63152345
87123317
21889516
32273801
5851631
15432354
36869392
63254446
33496482
28004797
83697479
5776710
79637680
31967604
45424986
52827302
26806296
36855847
54332556
72317020
9131146
24536581
94706469
40634792
23037852
46069052
38575306
60157630
71089528
21751657
304543
42708118
15421572
653625
7412805
88496573
6702532
26753843
8359838
83104571
98543641
66775285
27743321
78102882
42117384
15852820
82915057
4702944
42291370
5118432
910846
81907037
40474678
9436729
67642608
53142981
81518190
92169581
32809635
74358395
7444150
97787165
59235194
48718195
15781404
29154829
45393
24443661
57032787
638675
65079673
17091156
7704869
7327828
85046500
13089870
99397527
12187999
66207305
55287043
59721719
48459921
3414733
15602762
7946259
75801941
22807595
34628133
3571736
46511445
48218416
20009795
9183671
97277886
66993436
4494593
89238724
37436953
41113143
45892947
74791533
51985699
83173134
16002935
38443134
42091036
63073242
63174208
89536950
5539274
2732560
8858934
49968020
78749091
73705184
86372693
89464314
52083951
1433409
54463746
55877675
98386121
49083337
44288852
81695927
9801884
7915466
2477890
92692750
7863752
50677865
4721309
28581648
52331464
61984110
75191142
86889553
39778373
9761253
86453417
71154512
88211947
54906861
7798657
26949027
71528670
42242275
58496120
3792340
7112393
39928946
640674
38351667
3121887
5431477
82904303
58146688
36586417
1031979
50367017
67294558
60284259
30451701
62072159
15332344
59379891
35046529
2344952
99942454
93289854
2221328
87452543
49006443
23223045
67086959
1520105
43743181
69944159
66713369
67443933
94086443
15598554
41147238
42733819
4774993
76803143
75311113
82268254
14637251
9845235
5097021
40715465
40901228
53771485
18595768
26086054
679269
25419890
12579593
45335581
93126230
32455429
65844125
35978437
66856272
34563910
83451809
36007798
41705782
48138260
9129695
77057538
98527429
35984956
71163445
78166891
73023626
8073312
41976345
95764747
96794205
45337517
91885899
19304640
30935998
87637475
42051319
4652734
31049451
3964175
97182685
3158941
97111205
86728500
78043978
51748975
4441371
66525708
63345208
89378333
29874078
34153176
7464114
42332441
63939292
7654555
3325783
16732385
63684931
76332935
3238858
53177483
85521161
21308500
56218982
94023865
1142439
91674675
86321128
26869137
9011628
12678706
87127320
23574461
87747814
23061189
2855842
11791474
52773484
78402874
39597397
88318979
85871395
14705465
21768261
69532233
49563990
90294958
50302341
87462650
47498838
25343145
70533074
7212830
20682145
90725913
9363453
78529403
13194335
70093074
141094
3389205
13804101
2311213
62857169
75811693
19372805
88625866
66747659
1924119
70721766
3837359
46812929
31156782
98391111
91755376
58419353
24763448
96559582
2102565
61024629
22966017
12148219
90031476
96796634
77854055
60221767
2363867
60945702
31974297
4245336
55581194
7079410
82979726
89629369
35666732
1574861
83895387
23479873
1386297
23413096
33371888
70413871
1481762
95279052
79795201
49621810
47642443
44495925
4217360
77614963
34386931
9575285
86539168
58884108
9591588
36469371
46611515
68308848
71725207
24533630
77239515
50904427
98679314
81566187
81115899
88948661
57602510
46011687
39116972
92687803
69538294
75363846
76123419
5534467
66218819
32187844
44175532
32658031
77295469
67041658
79585488
89689722
59237005
60322627
3708083
43062694
73004856
24286530
62301576
4995269
81818737
56751799
2021165
63242265
45976606
32655692
42419611
14213476
1988879
15575708
75534331
69006968
88857270
53668867
88852126
39122692
19469462
50132339
3618362
67571695
36603143
4299657
84628982
8522795
93956097
67132139
72127656
52507926
32594497
89208812
59428136
90462645
13428384
88979924
24234977
89583596
22753755
46713582
81835712
5546977
78811203
21758317
56911783
43773708
31186744
60525587
48572360
89819814
6397960
82823783
3636754
2295170
21203646
20513831
8741843
71713929
41915117
27805044
38204641
87471544
14213186
26006757
48783265
73955801
62749388
10817805
81195398
81858272
32897644
65164974
89084516
47894972
17136120
31835536
99715759
40795615
8209651
99323535
31346030
74837640
3662958
3468879
6484114
31352443
65442640
53435057
32532232
81562161
15375398
23945967
54416554
30521998
14507673
46261784
36767530
47724260
98596573
85769633
23783330
70503717
3285581
74339570
98712780
77667348
3626751
78625914
63947091
419691
18891795
64424732
45976434
94517468
88004216
66545458
1001537
1597538
17195950
21291610
13329366
993268
43256905
19299474
94277338
5171208
34616522
71055642
94507585
66287635
16171757
97994301
33415384
9617627
61634463
71289629
37903701
62895517
14975265
57029464
6172512
61583161
58772479
42834792
65294596
69854952
69556010
27062851
45289992
35037961
7927228
98325521
26484446
3211657
19232566
33864481
6714144
62706166
18345229
23159373
9156000
196533
76498613
44678764
64092346
12308844
17743889
63205970
2260511
44232325
13445717
41942148
39215724
72211169
70347404
89886679
29665654
68434529
47227511
71934971
5735753
17223710
41297132
87786594
14903209
24113466
64131623
94534879
8449909
35786053
69678316
65768094
19642747
14752915
67414024
3183894
10292735
85468062
47664011
7616183
90238657
93749716
18354501
68942904
79349459
18491269
71712434
2132569
7048169
30097317
20611204
13199214
23459523
51671036
24894666
5212409
86538194
79902483
25421119
4406560
96643166
97512749
2961563
80687698
78715177
79924500
9429535
90641149
31005144
22455867
13785873
50005811
67511375
96239587
34373530
15474011
37994052
73056183
21499932
6185220
47701962
65824282
38463157
57688453
10007162
36299810
62527809
15415811
69163963
48492114
84671118
83171099
45829991
88856542
39821788
92185552
9309807
74116971
11518799
79221163
67392005
10857574
4485756
49939482
36509965
4991585
27903054
6523811
87522326
28186456
49714083
38846356
1647404
28864779
72143199
66011977
71929871
48993086
1158289
33687173
17258430
86706987
72886781
5232270
25764876
52685060
88875141
81057159
45069295
49458576
90135181
61091671
49814670
93535349
53765498
95392685
88625515
19178571
14462982
94781763
97482062
42894748
13702744
43588890
145375
34632089
28097869
75234385
49147949
11934295
75495937
6756614
44105625
84189498
84279010
9358547
22137096
55152489
70923165
4715153
94356261
47036182
95632795
50988951
50277649
53919112
36082242
44444437
43792850
67192884
9373993
6513548
49788486
61049385
91774852
54551826
35886878
49238190
93367895
71906608
10853293
83152402
10248331
6488122
38258997
28705016
34196985
13731369
24934730
14418345
1370271
5712100
24095317
7299098
76861375
66528406
40867124
19242185
2324900
1396123
66446330
86655473
45553559
46648281
65237332
2828362
47473237
86245089
74801831
12975840
61953087
81183685
42512293
1655357
14745752
96079973
14837632
46277524
50104183
37594318
17876059
50127384
51215370
56648254
53215238
85943211
76546823
59315154
79962140
8434782
18368023
88332464
6779271
62753161
39462542
89756564
3965745
83129751
73404612
82206945
70735714
4478569
76194131
60273711
77484414
4831991
197812
99394492
58547938
23384389
51761763
98791079
83221307
286377
42758574
42696873
47249567
85634024
19888902
590178
488783
43444405
72305840
17977249
53538416
69874171
62749379
8952840
25506199
76137936
76181388
24327186
64244661
9610506
65107975
22657889
92786421
89387265
52339530
54533351
84958383
14346417
98214703
48263221
81392975
73654054
82966311
27349484
1817585
11729944
8623593
28083859
6958133
4157495
67959000
29148832
7668744
36095325
26469626
87935867
5301787
6721411
81395622
38064825
41239980
18773137
50316305
43937937
96468137
13564283
8452869
63031996
80652045
6728874
24874122
49694223
31721698
19883820
41927369
76236878
58674166
93402374
18603625
21923152
52229291
89206995
31775303
35436675
51231240
1845589
24314584
51874587
88805779
68879933
30289944
296109
61429164
9742459
24966848
20727064
35772442
41308380
36223478
46603733
17799404
92329830
16952722
47316401
55275068
68692108
46173614
86001183
37304304
10937608
60396092
47291442
47855780
13447627
70307853
92753010
60576446
35751770
84628086
83949452
19444489
83082568
8819169
19836537
36312029
277620
89387223
36274850
63872974
20031507
18488856
89584987
2957564
35302171
22668365
85377103
2391397
5123270
6506952
14421331
10894598
71116289
6791039
2231494
18776947
16632920
18062085
48457135
8594850
3996991
35095497
30521265
58478513
19307251
2255200
919722
70142424
1958883
68166518
61937801
19147678
73313200
10259583
53974531
46711805
92298251
8968614
95839052
88804018
69764842
9802722
